0.57500 -0.50000
0.57485 -0.49529
0.57441 -0.49060
0.57367 -0.48595
0.57264 -0.48135
0.57133 -0.47682
0.56973 -0.47239
0.56786 -0.46807
0.56572 -0.46387
0.56332 -0.45981
0.56068 -0.45592
0.55779 -0.45219
0.55467 -0.44866
0.55134 -0.44533
0.54781 -0.44221
0.54408 -0.43932
0.54019 -0.43668
0.53613 -0.43428
0.53193 -0.43214
0.52761 -0.43027
0.52318 -0.42867
0.51865 -0.42736
0.51405 -0.42633
0.50940 -0.42559
0.50471 -0.42515
0.50000 -0.42500
0.49529 -0.42515
0.49060 -0.42559
0.48595 -0.42633
0.48135 -0.42736
0.47682 -0.42867
0.47239 -0.43027
0.46807 -0.43214
0.46387 -0.43428
0.45981 -0.43668
0.45592 -0.43932
0.45219 -0.44221
0.44866 -0.44533
0.44533 -0.44866
0.44221 -0.45219
0.43932 -0.45592
0.43668 -0.45981
0.43428 -0.46387
0.43214 -0.46807
0.43027 -0.47239
0.42867 -0.47682
0.42736 -0.48135
0.42633 -0.48595
0.42559 -0.49060
0.42515 -0.49529
0.42500 -0.50000
0.42515 -0.50471
0.42559 -0.50940
0.42633 -0.51405
0.42736 -0.51865
0.42867 -0.52318
0.43027 -0.52761
0.43214 -0.53193
0.43428 -0.53613
0.43668 -0.54019
0.43932 -0.54408
0.44221 -0.54781
0.44533 -0.55134
0.44866 -0.55467
0.45219 -0.55779
0.45592 -0.56068
0.45981 -0.56332
0.46387 -0.56572
0.46807 -0.56786
0.47239 -0.56973
0.47682 -0.57133
0.48135 -0.57264
0.48595 -0.57367
0.49060 -0.57441
0.49529 -0.57485
0.50000 -0.57500
0.50471 -0.57485
0.50940 -0.57441
0.51405 -0.57367
0.51865 -0.57264
0.52318 -0.57133
0.52761 -0.56973
0.53193 -0.56786
0.53613 -0.56572
0.54019 -0.56332
0.54408 -0.56068
0.54781 -0.55779
0.55134 -0.55467
0.55467 -0.55134
0.55779 -0.54781
0.56068 -0.54408
0.56332 -0.54019
0.56572 -0.53613
0.56786 -0.53193
0.56973 -0.52761
0.57133 -0.52318
0.57264 -0.51865
0.57367 -0.51405
0.57441 -0.50940
0.57485 -0.50471
