0.39929 0.71766
0.38844 0.74147
0.37686 0.76599
0.36463 0.79107
0.35180 0.81661
0.33843 0.84248
0.32457 0.86858
0.31026 0.89481
0.29554 0.92109
0.28045 0.94732
0.26504 0.97342
0.24932 0.99932
0.23335 1.02495
0.21715 1.05024
0.20076 1.07511
0.18422 1.09952
0.16755 1.12338
0.15080 1.14664
0.13399 1.16925
0.11718 1.19115
0.10041 1.21228
0.08370 1.23258
0.06712 1.25200
0.05070 1.27050
0.03450 1.28802
0.01856 1.30451
0.00295 1.31993
-0.01230 1.33423
-0.02711 1.34737
-0.04144 1.35932
-0.05522 1.37004
-0.06841 1.37949
-0.08093 1.38765
-0.09274 1.39449
-0.10379 1.39999
-0.11400 1.40413
-0.12335 1.40689
-0.13177 1.40828
-0.13922 1.40828
-0.14567 1.40689
-0.15107 1.40413
-0.15539 1.39999
-0.15862 1.39449
-0.16071 1.38765
-0.16167 1.37949
-0.16148 1.37004
-0.16013 1.35932
-0.15763 1.34737
-0.15397 1.33423
-0.14917 1.31993
-0.14324 1.30451
-0.13621 1.28802
-0.12809 1.27050
-0.11892 1.25200
-0.10871 1.23258
-0.09752 1.21228
-0.08537 1.19115
-0.07230 1.16925
-0.05836 1.14664
-0.04359 1.12338
-0.02804 1.09952
-0.01175 1.07511
0.00521 1.05024
0.02281 1.02495
0.04098 0.99932
0.05966 0.97342
0.07880 0.94732
0.09833 0.92109
0.11818 0.89481
0.13829 0.86858
0.15859 0.84248
0.17900 0.81661
0.19943 0.79107
0.21980 0.76599
0.24002 0.74147
0.25998 0.71766
0.27959 0.69468
0.29873 0.67271
0.31729 0.65190
0.33513 0.63241
0.35214 0.61445
0.36817 0.59818
0.38310 0.58379
0.39680 0.57146
0.40914 0.56137
0.42002 0.55366
0.42934 0.54845
0.43704 0.54582
0.44306 0.54582
0.44740 0.54845
0.45006 0.55366
0.45107 0.56137
0.45050 0.57146
0.44842 0.58379
0.44491 0.59818
0.44007 0.61445
0.43400 0.63241
0.42680 0.65190
0.41855 0.67271
0.40936 0.69468
