6.88000
10.85511
7.15000
11.35023
8.56000
13.90611
9.01000
14.72399
10.37000
17.21809
10.64000
17.65468
11.90000
19.95847
11.99000
20.17080
12.14000
20.41904
12.71000
21.49972
13.18000
22.40023
13.30000
22.63091
13.53000
23.03519
13.66000
23.29060
14.25000
24.43572
14.11000
24.17782
14.34000
24.63141
14.73000
25.39297
14.78000
25.48391
15.01000
25.89631
15.32000
26.46090
15.36000
26.48956
15.39000
26.58319
15.53000
26.89951
15.72000
27.21119
15.53000
26.88046
15.51000
26.87197
15.69000
27.23548
15.91000
27.70665
16.05000
27.96619
16.06000
27.94382
16.06000
27.97928
16.38000
28.64166
16.25000
28.37938
16.40000
28.69320
16.74000
29.38845
16.99000
29.84649
17.11000
30.05148
17.40000
30.65745
17.79000
31.32822
18.17000
31.95308
18.60000
32.75365
18.70000
32.94129
19.12000
33.69736
19.68000
34.59395
19.98000
35.09112
20.16000
35.42651
20.63000
36.24671
21.02000
36.98550
21.33000
37.50736
21.72000
38.12463
21.69000
38.07811
21.76000
38.18886
22.10000
38.79815
22.39000
39.28093
22.52000
39.54568
23.06000
40.46681
23.28000
40.76705
23.64000
41.39123
23.93000
41.89108
23.64000
41.30825
23.74000
41.50504
24.14000
42.11465
24.45000
42.59661
24.34000
42.44812
24.35000
42.47540
24.22000
42.29405
24.43000
42.57537
24.71000
43.02227
25.05000
43.50588
25.19000
43.72815
25.22000
43.76561
25.17000
43.63848
25.18000
43.58518
24.88000
42.95370
24.89000
42.96326
25.15000
43.60259
25.18000
43.77706
25.81000
44.84406
25.99000
45.12361
26.26000
45.54904
26.01000
45.10660
25.77000
44.80234
25.76000
44.85216
26.19000
45.65002
26.57000
46.26196
26.63000
46.38893
26.74000
46.51117
26.74000
46.46757
26.98000
46.84236
27.50000
47.65354
28.02000
48.55437
28.53000
49.33250
28.85000
49.79691
29.74000
51.19320
32.70000
56.21366
35.12000
60.33563
38.10000
65.40433
41.37000
70.94748
40.16000
68.90405
39.39000
67.53869
40.83000
70.14409
41.91000
72.16931
44.67000
77.05747
47.56000
82.17662
49.92000
86.35195
49.50000
85.70055
47.67000
82.53559
47.37000
82.11165
47.45000
82.35359
48.67000
84.51825
51.14000
88.94086
52.33000
91.19283
53.87000
93.93446
54.27000
94.61326
57.07000
99.60111
57.92000
101.14935
57.73000
100.69056
58.33000
101.69588
58.93000
102.76478
59.13000
103.20512
57.63000
100.60457
58.83000
102.81841
59.38000
103.97735
59.16000
103.69978
59.52000
104.45539
59.76000
104.90741
60.79000
106.75835
60.82000
106.80919
61.40000
107.89676
62.14000
109.29920
62.47000
109.98869
62.62000
110.37549
62.63000
110.56314
62.60000
110.73332
62.15000
110.06000
62.07000
110.11331
62.10000
110.23539
62.32000
110.70446
61.77000
109.81106
61.51000
109.37210
61.48000
109.30298
61.56000
109.40995
61.46000
109.21752
61.65000
109.52198
61.81000
109.78269
61.79000
109.72783
61.71000
109.57973
61.56000
109.33494
61.44000
109.23191
61.66000
109.79706
61.52000
109.61738
61.92000
110.38873
61.53000
109.77226
61.21000
109.29757
60.83000
108.66965
60.81000
108.60285
60.85000
108.73583
60.98000
109.07740
61.33000
109.80275
61.70000
110.42720
61.67000
110.36058
61.76000
110.51270
61.71000
110.35047
60.32000
107.71607
60.33000
107.63083
60.34000
107.70173
60.40000
107.80415
60.07000
107.19756
60.34000
107.69134
61.37000
109.55698
61.29000
109.42808
60.65000
108.10809
60.64000
107.94765
59.85000
106.41537
57.90000
102.79984
57.16000
101.44764
57.54000
102.27111
57.67000
102.65436
58.09000
103.56697
59.82000
106.84639
61.12000
109.28094
61.42000
109.89860
60.93000
109.03782
60.45000
108.14638
60.37000
108.07987
59.96000
107.35159
59.93000
107.30248
59.63000
106.64391
60.12000
107.50963
60.17000
107.60277
59.79000
106.96893
60.16000
107.80621
60.40000
108.36719
61.01000
109.62004
60.97000
109.55413
60.59000
108.82024
60.57000
108.58622
60.10000
107.59175
59.89000
107.07727
59.90000
106.96357
59.61000
106.40623
60.16000
107.41415
60.41000
107.92105
60.86000
108.72568
60.52000
108.12659
60.50000
108.17176
60.80000
108.71937
60.82000
108.68928
60.78000
108.59371
60.44000
107.97117
61.04000
109.03298
61.00000
108.89021
60.55000
108.06953
60.57000
108.14241
60.61000
108.25765
60.44000
107.98823
60.20000
107.56901
60.25000
107.68700
60.76000
108.65860
60.74000
108.67377
61.12000
109.36423
61.26000
109.64184
61.62000
110.27591
61.65000
110.33079
61.67000
110.36713
61.73000
110.35955
61.76000
110.33233
61.78000
110.29352
61.80000
110.34811
61.56000
109.90810
61.32000
109.49889
61.39000
109.64498
61.49000
109.88903
61.03000
109.12059
61.10000
109.25930
61.15000
109.37420
61.51000
110.04294
61.26000
109.64715
61.23000
109.64376
61.83000
110.76327
61.84000
110.81896
62.14000
111.42155
62.17000
111.46873
62.45000
112.02140
62.23000
111.67190
62.23000
111.72680
62.29000
111.95827
62.28000
112.07724
62.32000
112.31227
62.43000
112.64434
62.81000
113.40992
62.92000
113.69605
63.03000
113.92256
62.93000
113.72671
63.11000
114.09043
63.03000
113.94674
63.10000
114.09843
63.26000
114.43295
63.53000
114.88476
64.07000
115.91518
64.27000
116.26995
64.83000
117.25029
65.16000
117.86467
65.37000
118.22291
65.57000
118.57658
65.82000
118.96262
66.03000
119.32754
66.05000
119.20155
65.91000
118.87592
